[38;5;16;48;5;15m                                                                        [38;5;16;m
[38;5;16;48;5;15m                                                                        [38;5;16;m
[38;5;16;48;5;15m                                                                        [38;5;16;m
[38;5;16;48;5;15m                                                                        [38;5;16;m
[38;5;16;48;5;15m                  [38;5;16;48;5;253m  [38;5;16;48;5;188m                                  [38;5;16;48;5;255m  [38;5;16;48;5;15m                [38;5;16;m
[38;5;16;48;5;15m                [38;5;16;48;5;254m  [38;5;16;48;5;95m  [38;5;16;48;5;239m  [38;5;16;48;5;240m      [38;5;16;48;5;95m                  [38;5;16;48;5;240m    [38;5;16;48;5;239m  [38;5;16;48;5;240m  [38;5;16;48;5;249m  [38;5;16;48;5;15m                [38;5;16;m
[38;5;16;48;5;15m            [38;5;16;48;5;248m  [38;5;16;48;5;101m    [38;5;16;48;5;239m  [38;5;16;48;5;58m  [38;5;16;48;5;94m  [38;5;16;48;5;95m    [38;5;16;48;5;131m    [38;5;16;48;5;137m  [38;5;16;48;5;131m        [38;5;16;48;5;95m    [38;5;16;48;5;94m  [38;5;16;48;5;238m      [38;5;16;48;5;95m  [38;5;16;48;5;101m  [38;5;16;48;5;102m  [38;5;16;48;5;255m  [38;5;16;48;5;15m          [38;5;16;m
[38;5;16;48;5;15m        [38;5;16;48;5;255m  [38;5;16;48;5;248m  [38;5;16;48;5;241m  [38;5;16;48;5;238m  [38;5;16;48;5;239m    [38;5;16;48;5;95m    [38;5;16;48;5;131m  [38;5;16;48;5;137m    [38;5;16;48;5;173m  [38;5;16;48;5;137m    [38;5;16;48;5;131m        [38;5;16;48;5;95m    [38;5;16;48;5;94m  [38;5;16;48;5;58m  [38;5;16;48;5;238m    [38;5;16;48;5;237m  [38;5;16;48;5;238m  [38;5;16;48;5;246m  [38;5;16;48;5;252m  [38;5;16;48;5;15m        [38;5;16;m
[38;5;16;48;5;15m        [38;5;16;48;5;254m  [38;5;16;48;5;240m  [38;5;16;48;5;237m  [38;5;16;48;5;238m  [38;5;16;48;5;239m  [38;5;16;48;5;95m    [38;5;16;48;5;131m  [38;5;16;48;5;137m          [38;5;16;48;5;131m    [38;5;16;48;5;95m            [38;5;16;48;5;239m    [38;5;16;48;5;238m  [38;5;16;48;5;237m  [38;5;16;48;5;236m  [38;5;16;48;5;237m  [38;5;16;48;5;248m  [38;5;16;48;5;15m        [38;5;16;m
[38;5;16;48;5;15m      [38;5;16;48;5;255m  [38;5;16;48;5;252m  [38;5;16;48;5;239m  [38;5;16;48;5;237m  [38;5;16;48;5;239m  [38;5;16;48;5;95m  [38;5;16;48;5;94m  [38;5;16;48;5;95m    [38;5;16;48;5;131m    [38;5;16;48;5;95m  [38;5;16;48;5;131m    [38;5;16;48;5;95m      [38;5;16;48;5;94m    [38;5;16;48;5;239m      [38;5;16;48;5;238m  [38;5;16;48;5;237m  [38;5;16;48;5;236m    [38;5;16;48;5;235m  [38;5;16;48;5;236m  [38;5;16;48;5;246m  [38;5;16;48;5;255m  [38;5;16;48;5;15m      [38;5;16;m
[38;5;16;48;5;15m      [38;5;16;48;5;252m  [38;5;16;48;5;242m  [38;5;16;48;5;237m    [38;5;16;48;5;58m  [38;5;16;48;5;239m  [38;5;16;48;5;238m  [38;5;16;48;5;94m  [38;5;16;48;5;95m              [38;5;16;48;5;239m  [38;5;16;48;5;94m  [38;5;16;48;5;95m  [38;5;16;48;5;238m  [38;5;16;48;5;237m  [38;5;16;48;5;58m    [38;5;16;48;5;237m  [38;5;16;48;5;236m  [38;5;16;48;5;235m        [38;5;16;48;5;239m  [38;5;16;48;5;248m  [38;5;16;48;5;15m      [38;5;16;m
[38;5;16;48;5;15m      [38;5;16;48;5;7m  [38;5;16;48;5;237m  [38;5;16;48;5;235m  [38;5;16;48;5;236m  [38;5;16;48;5;58m    [38;5;16;48;5;238m  [38;5;16;48;5;95m    [38;5;16;48;5;94m  [38;5;16;48;5;95m    [38;5;16;48;5;94m    [38;5;16;48;5;95m  [38;5;16;48;5;238m        [38;5;16;48;5;237m        [38;5;16;48;5;235m            [38;5;16;48;5;102m  [38;5;16;48;5;15m      [38;5;16;m
[38;5;16;48;5;15m      [38;5;16;48;5;7m  [38;5;16;48;5;237m  [38;5;16;48;5;236m    [38;5;16;48;5;237m  [38;5;16;48;5;58m  [38;5;16;48;5;238m  [38;5;16;48;5;239m      [38;5;16;48;5;95m  [38;5;16;48;5;239m  [38;5;16;48;5;58m  [38;5;16;48;5;94m    [38;5;16;48;5;239m  [38;5;16;48;5;238m    [38;5;16;48;5;239m  [38;5;16;48;5;238m  [38;5;16;48;5;237m    [38;5;16;48;5;58m  [38;5;16;48;5;236m      [38;5;16;48;5;235m  [38;5;16;48;5;236m  [38;5;16;48;5;235m  [38;5;16;48;5;102m  [38;5;16;48;5;15m      [38;5;16;m
[38;5;16;48;5;15m      [38;5;16;48;5;7m  [38;5;16;48;5;237m  [38;5;16;48;5;236m  [38;5;16;48;5;237m  [38;5;16;48;5;238m  [38;5;16;48;5;239m    [38;5;16;48;5;58m    [38;5;16;48;5;94m  [38;5;16;48;5;58m  [38;5;16;48;5;238m  [38;5;16;48;5;58m  [38;5;16;48;5;239m  [38;5;16;48;5;94m      [38;5;16;48;5;95m          [38;5;16;48;5;94m  [38;5;16;48;5;238m  [38;5;16;48;5;237m  [38;5;16;48;5;236m        [38;5;16;48;5;102m  [38;5;16;48;5;15m      [38;5;16;m
[38;5;16;48;5;15m      [38;5;16;48;5;7m  [38;5;16;48;5;237m  [38;5;16;48;5;236m  [38;5;16;48;5;237m  [38;5;16;48;5;58m  [38;5;16;48;5;94m  [38;5;16;48;5;95m  [38;5;16;48;5;94m  [38;5;16;48;5;58m  [38;5;16;48;5;239m  [38;5;16;48;5;95m  [38;5;16;48;5;239m  [38;5;16;48;5;238m  [38;5;16;48;5;94m  [38;5;16;48;5;95m    [38;5;16;48;5;131m    [38;5;16;48;5;95m  [38;5;16;48;5;131m  [38;5;16;48;5;95m        [38;5;16;48;5;239m  [38;5;16;48;5;237m    [38;5;16;48;5;236m    [38;5;16;48;5;8m  [38;5;16;48;5;15m      [38;5;16;m
[38;5;16;48;5;15m      [38;5;16;48;5;7m  [38;5;16;48;5;237m  [38;5;16;48;5;236m  [38;5;16;48;5;237m  [38;5;16;48;5;239m  [38;5;16;48;5;95m                  [38;5;16;48;5;131m                    [38;5;16;48;5;95m  [38;5;16;48;5;239m  [38;5;16;48;5;237m  [38;5;16;48;5;236m    [38;5;16;48;5;8m  [38;5;16;48;5;15m      [38;5;16;m
[38;5;16;48;5;15m      [38;5;16;48;5;7m  [38;5;16;48;5;237m  [38;5;16;48;5;236m  [38;5;16;48;5;238m  [38;5;16;48;5;94m  [38;5;16;48;5;95m  [38;5;16;48;5;131m  [38;5;16;48;5;137m    [38;5;16;48;5;131m                          [38;5;16;48;5;137m  [38;5;16;48;5;131m    [38;5;16;48;5;95m  [38;5;16;48;5;238m  [38;5;16;48;5;237m  [38;5;16;48;5;236m  [38;5;16;48;5;8m  [38;5;16;48;5;15m      [38;5;16;m
[38;5;16;48;5;15m      [38;5;16;48;5;7m  [38;5;16;48;5;237m  [38;5;16;48;5;236m  [38;5;16;48;5;238m  [38;5;16;48;5;95m  [38;5;16;48;5;131m  [38;5;16;48;5;137m  [38;5;16;48;5;173m      [38;5;16;48;5;137m  [38;5;16;48;5;131m                  [38;5;16;48;5;137m  [38;5;16;48;5;173m      [38;5;16;48;5;131m  [38;5;16;48;5;95m  [38;5;16;48;5;238m  [38;5;16;48;5;237m  [38;5;16;48;5;236m  [38;5;16;48;5;102m  [38;5;16;48;5;15m      [38;5;16;m
[38;5;16;48;5;15m      [38;5;16;48;5;7m  [38;5;16;48;5;237m  [38;5;16;48;5;236m  [38;5;16;48;5;238m  [38;5;16;48;5;95m  [38;5;16;48;5;131m  [38;5;16;48;5;173m          [38;5;16;48;5;137m    [38;5;16;48;5;131m  [38;5;16;48;5;95m    [38;5;16;48;5;131m    [38;5;16;48;5;137m  [38;5;16;48;5;173m        [38;5;16;48;5;137m  [38;5;16;48;5;131m  [38;5;16;48;5;95m  [38;5;16;48;5;238m  [38;5;16;48;5;237m  [38;5;16;48;5;236m  [38;5;16;48;5;102m  [38;5;16;48;5;15m      [38;5;16;m
[38;5;16;48;5;15m      [38;5;16;48;5;7m  [38;5;16;48;5;237m  [38;5;16;48;5;236m  [38;5;16;48;5;238m  [38;5;16;48;5;95m  [38;5;16;48;5;131m  [38;5;16;48;5;173m  [38;5;16;48;5;216m      [38;5;16;48;5;173m      [38;5;16;48;5;137m        [38;5;16;48;5;173m        [38;5;16;48;5;131m  [38;5;16;48;5;95m  [38;5;16;48;5;238m  [38;5;16;48;5;237m  [38;5;16;48;5;238m  [38;5;16;48;5;239m  [38;5;16;48;5;237m  [38;5;16;48;5;236m  [38;5;16;48;5;8m  [38;5;16;48;5;15m      [38;5;16;m
[38;5;16;48;5;15m    [38;5;16;48;5;254m  [38;5;16;48;5;144m  [38;5;16;48;5;238m  [38;5;16;48;5;236m  [38;5;16;48;5;58m  [38;5;16;48;5;94m  [38;5;16;48;5;95m  [38;5;16;48;5;131m  [38;5;16;48;5;137m  [38;5;16;48;5;173m      [38;5;16;48;5;179m  [38;5;16;48;5;173m                [38;5;16;48;5;95m  [38;5;16;48;5;237m  [38;5;16;48;5;236m  [38;5;16;48;5;235m  [38;5;16;48;5;236m  [38;5;16;48;5;238m  [38;5;16;48;5;58m  [38;5;16;48;5;237m  [38;5;16;48;5;236m  [38;5;16;48;5;101m  [38;5;16;48;5;252m  [38;5;16;48;5;15m    [38;5;16;m
[38;5;16;48;5;15m    [38;5;16;48;5;181m  [38;5;16;48;5;137m  [38;5;16;48;5;58m  [38;5;16;48;5;237m  [38;5;16;48;5;58m  [38;5;16;48;5;239m  [38;5;16;48;5;237m    [38;5;16;48;5;238m  [38;5;16;48;5;239m  [38;5;16;48;5;95m  [38;5;16;48;5;137m        [38;5;16;48;5;173m      [38;5;16;48;5;137m    [38;5;16;48;5;95m  [38;5;16;48;5;236m  [38;5;16;48;5;234m  [38;5;16;48;5;236m  [38;5;16;48;5;58m  [38;5;16;48;5;94m  [38;5;16;48;5;95m  [38;5;16;48;5;239m  [38;5;16;48;5;237m    [38;5;16;48;5;95m  [38;5;16;48;5;174m  [38;5;16;48;5;255m  [38;5;16;48;5;15m  [38;5;16;m
[38;5;16;48;5;15m    [38;5;16;48;5;180m  [38;5;16;48;5;131m  [38;5;16;48;5;238m  [38;5;16;48;5;237m  [38;5;16;48;5;95m    [38;5;16;48;5;94m  [38;5;16;48;5;238m  [38;5;16;48;5;237m        [38;5;16;48;5;235m  [38;5;16;48;5;236m  [38;5;16;48;5;94m  [38;5;16;48;5;131m  [38;5;16;48;5;137m  [38;5;16;48;5;95m  [38;5;16;48;5;237m  [38;5;16;48;5;235m  [38;5;16;48;5;234m  [38;5;16;48;5;233m    [38;5;16;48;5;236m  [38;5;16;48;5;238m  [38;5;16;48;5;95m  [38;5;16;48;5;131m  [38;5;16;48;5;95m  [38;5;16;48;5;237m    [38;5;16;48;5;95m  [38;5;16;48;5;137m  [38;5;16;48;5;255m  [38;5;16;48;5;15m  [38;5;16;m
[38;5;16;48;5;15m    [38;5;16;48;5;180m  [38;5;16;48;5;95m  [38;5;16;48;5;238m    [38;5;16;48;5;95m        [38;5;16;48;5;242m  [38;5;16;48;5;241m  [38;5;16;48;5;238m  [38;5;16;48;5;234m  [38;5;16;48;5;232m  [38;5;16;48;5;234m  [38;5;16;48;5;238m  [38;5;16;48;5;239m  [38;5;16;48;5;94m  [38;5;16;48;5;58m  [38;5;16;48;5;236m  [38;5;16;48;5;233m  [38;5;16;48;5;236m  [38;5;16;48;5;239m  [38;5;16;48;5;59m  [38;5;16;48;5;239m  [38;5;16;48;5;236m  [38;5;16;48;5;238m  [38;5;16;48;5;95m    [38;5;16;48;5;238m    [38;5;16;48;5;94m  [38;5;16;48;5;137m  [38;5;16;48;5;255m  [38;5;16;48;5;15m  [38;5;16;m
[38;5;16;48;5;15m    [38;5;16;48;5;144m  [38;5;16;48;5;95m  [38;5;16;48;5;238m  [38;5;16;48;5;239m  [38;5;16;48;5;95m        [38;5;16;48;5;138m    [38;5;16;48;5;95m  [38;5;16;48;5;236m  [38;5;16;48;5;234m  [38;5;16;48;5;236m  [38;5;16;48;5;239m  [38;5;16;48;5;95m    [38;5;16;48;5;94m  [38;5;16;48;5;237m  [38;5;16;48;5;235m  [38;5;16;48;5;238m  [38;5;16;48;5;95m  [38;5;16;48;5;137m  [38;5;16;48;5;95m  [38;5;16;48;5;238m    [38;5;16;48;5;95m  [38;5;16;48;5;131m  [38;5;16;48;5;239m    [38;5;16;48;5;58m  [38;5;16;48;5;95m  [38;5;16;48;5;255m  [38;5;16;48;5;15m  [38;5;16;m
[38;5;16;48;5;15m    [38;5;16;48;5;138m  [38;5;16;48;5;239m  [38;5;16;48;5;238m  [38;5;16;48;5;94m  [38;5;16;48;5;131m        [38;5;16;48;5;173m    [38;5;16;48;5;131m  [38;5;16;48;5;95m  [38;5;16;48;5;239m  [38;5;16;48;5;95m  [38;5;16;48;5;131m  [38;5;16;48;5;173m    [38;5;16;48;5;137m  [38;5;16;48;5;95m    [38;5;16;48;5;94m  [38;5;16;48;5;95m  [38;5;16;48;5;137m  [38;5;16;48;5;173m  [38;5;16;48;5;137m  [38;5;16;48;5;131m      [38;5;16;48;5;95m  [38;5;16;48;5;239m  [38;5;16;48;5;58m  [38;5;16;48;5;95m  [38;5;16;48;5;255m  [38;5;16;48;5;15m  [38;5;16;m
[38;5;16;48;5;15m    [38;5;16;48;5;144m  [38;5;16;48;5;95m  [38;5;16;48;5;238m  [38;5;16;48;5;94m  [38;5;16;48;5;131m  [38;5;16;48;5;173m    [38;5;16;48;5;137m    [38;5;16;48;5;131m      [38;5;16;48;5;137m      [38;5;16;48;5;179m  [38;5;16;48;5;216m  [38;5;16;48;5;173m  [38;5;16;48;5;137m    [38;5;16;48;5;131m      [38;5;16;48;5;137m    [38;5;16;48;5;173m    [38;5;16;48;5;137m  [38;5;16;48;5;95m  [38;5;16;48;5;239m  [38;5;16;48;5;238m  [38;5;16;48;5;95m  [38;5;16;48;5;255m  [38;5;16;48;5;15m  [38;5;16;m
[38;5;16;48;5;15m    [38;5;16;48;5;144m  [38;5;16;48;5;95m  [38;5;16;48;5;238m  [38;5;16;48;5;95m  [38;5;16;48;5;131m  [38;5;16;48;5;173m        [38;5;16;48;5;137m    [38;5;16;48;5;173m  [38;5;16;48;5;179m  [38;5;16;48;5;173m    [38;5;16;48;5;216m    [38;5;16;48;5;180m  [38;5;16;48;5;173m  [38;5;16;48;5;179m  [38;5;16;48;5;173m    [38;5;16;48;5;137m  [38;5;16;48;5;173m          [38;5;16;48;5;95m  [38;5;16;48;5;239m    [38;5;16;48;5;137m  [38;5;16;48;5;255m  [38;5;16;48;5;15m  [38;5;16;m
[38;5;16;48;5;15m    [38;5;16;48;5;187m  [38;5;16;48;5;138m  [38;5;16;48;5;239m  [38;5;16;48;5;95m  [38;5;16;48;5;131m  [38;5;16;48;5;137m  [38;5;16;48;5;173m          [38;5;16;48;5;180m  [38;5;16;48;5;216m  [38;5;16;48;5;179m    [38;5;16;48;5;216m    [38;5;16;48;5;180m  [38;5;16;48;5;173m  [38;5;16;48;5;216m    [38;5;16;48;5;173m          [38;5;16;48;5;137m  [38;5;16;48;5;131m  [38;5;16;48;5;95m  [38;5;16;48;5;239m  [38;5;16;48;5;95m  [38;5;16;48;5;181m  [38;5;16;48;5;255m  [38;5;16;48;5;15m  [38;5;16;m
[38;5;16;48;5;15m      [38;5;16;48;5;251m  [38;5;16;48;5;240m  [38;5;16;48;5;94m  [38;5;16;48;5;95m  [38;5;16;48;5;131m    [38;5;16;48;5;137m  [38;5;16;48;5;173m    [38;5;16;48;5;216m    [38;5;16;48;5;173m      [38;5;16;48;5;180m      [38;5;16;48;5;173m    [38;5;16;48;5;179m  [38;5;16;48;5;216m  [38;5;16;48;5;179m  [38;5;16;48;5;173m    [38;5;16;48;5;131m      [38;5;16;48;5;95m  [38;5;16;48;5;239m  [38;5;16;48;5;138m  [38;5;16;48;5;255m  [38;5;16;48;5;15m    [38;5;16;m
[38;5;16;48;5;15m      [38;5;16;48;5;252m  [38;5;16;48;5;95m  [38;5;16;48;5;239m  [38;5;16;48;5;95m  [38;5;16;48;5;131m    [38;5;16;48;5;137m  [38;5;16;48;5;173m  [38;5;16;48;5;216m  [38;5;16;48;5;180m  [38;5;16;48;5;173m  [38;5;16;48;5;137m  [38;5;16;48;5;131m    [38;5;16;48;5;137m      [38;5;16;48;5;131m    [38;5;16;48;5;173m  [38;5;16;48;5;180m  [38;5;16;48;5;216m  [38;5;16;48;5;179m  [38;5;16;48;5;173m  [38;5;16;48;5;131m    [38;5;16;48;5;95m  [38;5;16;48;5;239m  [38;5;16;48;5;95m  [38;5;16;48;5;144m  [38;5;16;48;5;15m      [38;5;16;m
[38;5;16;48;5;15m      [38;5;16;48;5;255m  [38;5;16;48;5;7m  [38;5;16;48;5;95m    [38;5;16;48;5;131m    [38;5;16;48;5;173m  [38;5;16;48;5;180m  [38;5;16;48;5;216m  [38;5;16;48;5;173m  [38;5;16;48;5;137m  [38;5;16;48;5;95m  [38;5;16;48;5;94m  [38;5;16;48;5;95m          [38;5;16;48;5;94m  [38;5;16;48;5;131m  [38;5;16;48;5;173m  [38;5;16;48;5;180m  [38;5;16;48;5;216m  [38;5;16;48;5;173m  [38;5;16;48;5;131m      [38;5;16;48;5;95m  [38;5;16;48;5;144m  [38;5;16;48;5;254m  [38;5;16;48;5;15m      [38;5;16;m
[38;5;16;48;5;15m        [38;5;16;48;5;254m  [38;5;16;48;5;95m    [38;5;16;48;5;131m    [38;5;16;48;5;173m  [38;5;16;48;5;216m  [38;5;16;48;5;180m  [38;5;16;48;5;173m  [38;5;16;48;5;137m  [38;5;16;48;5;131m    [38;5;16;48;5;95m        [38;5;16;48;5;131m    [38;5;16;48;5;137m  [38;5;16;48;5;173m    [38;5;16;48;5;216m  [38;5;16;48;5;173m  [38;5;16;48;5;137m  [38;5;16;48;5;131m    [38;5;16;48;5;240m  [38;5;16;48;5;181m  [38;5;16;48;5;15m        [38;5;16;m
[38;5;16;48;5;15m        [38;5;16;48;5;254m  [38;5;16;48;5;95m    [38;5;16;48;5;131m    [38;5;16;48;5;173m  [38;5;16;48;5;179m  [38;5;16;48;5;173m            [38;5;16;48;5;137m  [38;5;16;48;5;131m  [38;5;16;48;5;137m  [38;5;16;48;5;173m          [38;5;16;48;5;216m  [38;5;16;48;5;173m  [38;5;16;48;5;137m  [38;5;16;48;5;131m    [38;5;16;48;5;239m  [38;5;16;48;5;249m  [38;5;16;48;5;15m        [38;5;16;m
[38;5;16;48;5;15m        [38;5;16;48;5;254m  [38;5;16;48;5;101m  [38;5;16;48;5;95m  [38;5;16;48;5;131m    [38;5;16;48;5;173m            [38;5;16;48;5;180m    [38;5;16;48;5;173m      [38;5;16;48;5;180m  [38;5;16;48;5;179m  [38;5;16;48;5;173m          [38;5;16;48;5;137m  [38;5;16;48;5;131m    [38;5;16;48;5;95m  [38;5;16;48;5;250m  [38;5;16;48;5;15m        [38;5;16;m
[38;5;16;48;5;15m        [38;5;16;48;5;255m  [38;5;16;48;5;188m  [38;5;16;48;5;138m  [38;5;16;48;5;95m  [38;5;16;48;5;131m  [38;5;16;48;5;173m    [38;5;16;48;5;137m  [38;5;16;48;5;131m  [38;5;16;48;5;95m  [38;5;16;48;5;131m      [38;5;16;48;5;130m    [38;5;16;48;5;131m  [38;5;16;48;5;137m  [38;5;16;48;5;131m    [38;5;16;48;5;95m  [38;5;16;48;5;137m  [38;5;16;48;5;173m    [38;5;16;48;5;137m  [38;5;16;48;5;131m  [38;5;16;48;5;137m  [38;5;16;48;5;252m  [38;5;16;48;5;255m  [38;5;16;48;5;15m        [38;5;16;m
[38;5;16;48;5;15m            [38;5;16;48;5;138m  [38;5;16;48;5;95m  [38;5;16;48;5;131m  [38;5;16;48;5;137m  [38;5;16;48;5;173m  [38;5;16;48;5;137m  [38;5;16;48;5;131m      [38;5;16;48;5;137m  [38;5;16;48;5;173m        [38;5;16;48;5;137m    [38;5;16;48;5;131m    [38;5;16;48;5;137m  [38;5;16;48;5;173m  [38;5;16;48;5;137m  [38;5;16;48;5;131m  [38;5;16;48;5;95m    [38;5;16;48;5;255m  [38;5;16;48;5;15m          [38;5;16;m
[38;5;16;48;5;15m            [38;5;16;48;5;249m  [38;5;16;48;5;101m  [38;5;16;48;5;95m  [38;5;16;48;5;131m  [38;5;16;48;5;137m  [38;5;16;48;5;173m                              [38;5;16;48;5;131m  [38;5;16;48;5;95m    [38;5;16;48;5;138m  [38;5;16;48;5;255m  [38;5;16;48;5;15m          [38;5;16;m
[38;5;16;48;5;15m            [38;5;16;48;5;255m  [38;5;16;48;5;250m  [38;5;16;48;5;95m    [38;5;16;48;5;131m  [38;5;16;48;5;173m      [38;5;16;48;5;137m  [38;5;16;48;5;131m    [38;5;16;48;5;95m    [38;5;16;48;5;131m    [38;5;16;48;5;137m  [38;5;16;48;5;173m      [38;5;16;48;5;137m  [38;5;16;48;5;131m  [38;5;16;48;5;95m  [38;5;16;48;5;138m  [38;5;16;48;5;254m  [38;5;16;48;5;15m            [38;5;16;m
[38;5;16;48;5;15m              [38;5;16;48;5;255m  [38;5;16;48;5;252m  [38;5;16;48;5;101m  [38;5;16;48;5;95m  [38;5;16;48;5;137m  [38;5;16;48;5;173m                [38;5;16;48;5;137m  [38;5;16;48;5;173m      [38;5;16;48;5;137m  [38;5;16;48;5;131m  [38;5;16;48;5;95m  [38;5;16;48;5;144m  [38;5;16;48;5;255m  [38;5;16;48;5;15m              [38;5;16;m
[38;5;16;48;5;15m                [38;5;16;48;5;255m  [38;5;16;48;5;250m  [38;5;16;48;5;101m  [38;5;16;48;5;95m  [38;5;16;48;5;131m  [38;5;16;48;5;137m  [38;5;16;48;5;173m      [38;5;16;48;5;216m    [38;5;16;48;5;179m  [38;5;16;48;5;173m      [38;5;16;48;5;137m  [38;5;16;48;5;95m    [38;5;16;48;5;144m  [38;5;16;48;5;254m  [38;5;16;48;5;15m                [38;5;16;m
[38;5;16;48;5;15m                  [38;5;16;48;5;255m  [38;5;16;48;5;250m  [38;5;16;48;5;138m    [38;5;16;48;5;131m    [38;5;16;48;5;137m  [38;5;16;48;5;173m    [38;5;16;48;5;180m  [38;5;16;48;5;173m    [38;5;16;48;5;137m  [38;5;16;48;5;131m  [38;5;16;48;5;137m  [38;5;16;48;5;138m  [38;5;16;48;5;144m  [38;5;16;48;5;254m  [38;5;16;48;5;15m                  [38;5;16;m
[38;5;16;48;5;15m                        [38;5;16;48;5;188m  [38;5;16;48;5;101m  [38;5;16;48;5;95m  [38;5;16;48;5;137m            [38;5;16;48;5;131m  [38;5;16;48;5;95m  [38;5;16;48;5;249m  [38;5;16;48;5;15m                        [38;5;16;m
[38;5;16;48;5;15m                        [38;5;16;48;5;255m  [38;5;16;48;5;254m      [38;5;16;48;5;255m        [38;5;16;48;5;254m      [38;5;16;48;5;255m  [38;5;16;48;5;15m                        [38;5;16;m
[38;5;16;48;5;15m                                                                        [38;5;16;m
[38;5;16;48;5;15m                                                                        [38;5;16;m
[38;5;16;48;5;15m                                                                        [38;5;16;m
[38;5;16;48;5;15m                                                                        [38;5;16;m
